name: tristar_env
channels:
  - anaconda
  - defaults
dependencies:
  - aom=3.6.0=hd77b12b_0
  - blas=1.0=mkl
  - blosc=1.21.6=h4190f5b_0
  - brotli=1.0.9=h827c3e9_9
  - brotli-bin=1.0.9=h827c3e9_9
  - bzip2=1.0.8=h2bbff1b_6
  - ca-certificates=2025.2.25=haa95532_0
  - cfitsio=3.470=h2bbff1b_7
  - charls=2.2.0=h6c2663c_0
  - dav1d=1.2.1=h2bbff1b_0
  - expat=2.7.1=h8ddb27b_0
  - freeglut=3.4.0=h8a1e904_1
  - freetype=2.13.3=h0620614_0
  - giflib=5.2.2=h7edc060_0
  - icc_rt=2022.1.0=h6049295_2
  - imagecodecs=2024.9.22=py39h8c33f1c_1
  - imageio=2.37.0=py39haa95532_0
  - intel-openmp=2023.1.0=h59b6b97_46320
  - jpeg=9e=h827c3e9_3
  - lazy_loader=0.4=py39haa95532_0
  - lcms2=2.16=h62be587_1
  - lerc=4.0.0=h5da7b33_0
  - libaec=1.1.3=hcdb6601_0
  - libavif=1.1.1=h827c3e9_0
  - libbrotlicommon=1.0.9=h827c3e9_9
  - libbrotlidec=1.0.9=h827c3e9_9
  - libbrotlienc=1.0.9=h827c3e9_9
  - libdeflate=1.22=h5bf469e_0
  - libffi=3.4.4=hd77b12b_1
  - libpng=1.6.39=h8cc25b3_0
  - libtiff=4.7.0=h404307b_0
  - libwebp-base=1.3.2=h3d04722_1
  - libzopfli=1.0.3=ha925a31_0
  - lz4-c=1.9.4=h2bbff1b_1
  - mkl=2023.1.0=h6b88ed4_46358
  - mkl-service=2.4.0=py39h827c3e9_2
  - mkl_fft=1.3.11=py39h827c3e9_0
  - mkl_random=1.2.8=py39hc64d2fc_0
  - networkx=3.2.1=py39haa95532_0
  - numpy=1.26.4=py39h055cbcc_0
  - numpy-base=1.26.4=py39h65a83cf_0
  - openjpeg=2.5.2=h9b5d1b5_1
  - openssl=3.0.17=h35632f6_0
  - packaging=24.2=py39haa95532_0
  - pip=25.1=pyhc872135_2
  - pybind11-abi=5=hd3eb1b0_0
  - python=3.9.23=h716150d_0
  - scikit-image=0.24.0=py39hc64d2fc_0
  - scipy=1.13.1=py39h8640f81_1
  - setuptools=78.1.1=py39haa95532_0
  - snappy=1.2.1=hcdb6601_0
  - sqlite=3.50.2=hda9a48d_1
  - tbb=2021.8.0=h59b6b97_0
  - tifffile=2023.4.12=py39haa95532_0
  - tk=8.6.14=h5e9d12e_1
  - ucrt=10.0.22621.0=haa95532_0
  - vc=14.42=haa95532_5
  - vc14_runtime=14.44.35208=h4927774_10
  - vs2015_runtime=14.44.35208=ha6b5a95_10
  - wheel=0.45.1=py39haa95532_0
  - xz=5.6.4=h4754444_1
  - zfp=1.0.0=hd77b12b_0
  - zlib=1.2.13=h8cc25b3_1
  - zlib-ng=2.0.7=h2bbff1b_0
  - zstd=1.5.6=h8880b57_0
  - pip:
    - contourpy==1.3.0
    - cycler==0.12.1
    - filelock==3.18.0
    - fonttools==4.59.0
    - fsspec==2025.7.0
    - importlib-resources==6.5.2
    - jinja2==3.1.6
    - joblib==1.5.1
    - kiwisolver==1.4.7
    - markupsafe==3.0.2
    - matplotlib==3.9.4
    - mpmath==1.3.0
    - pandas==2.3.1
    - pillow==11.3.0
    - pyparsing==3.2.3
    - python-dateutil==2.9.0.post0
    - pytz==2025.2
    - pyyaml==6.0.2
    - scikit-learn==1.6.1
    - six==1.17.0
    - sympy==1.14.0
    - threadpoolctl==3.6.0
    - torch==2.7.1
    - torchaudio==2.7.1
    - torchvision==0.22.1
    - typing-extensions==4.14.1
    - tzdata==2025.2
    - zipp==3.23.0
prefix: C:\Users\mgmur\anaconda3\envs\tristar_env
